1777978728384 1.98064 0
1777978827817 1.8369 1
1777978918882 1.85746 2
1777979009474 1.83445 3
1777979100408 1.75068 4
1777979191151 1.68723 5
1777979281664 1.60177 6
1777979375946 1.61516 7
1777979470060 1.53733 8
1777979562849 1.50557 9
1777979654487 1.48495 10
1777979745030 1.49046 11
1777979836507 1.45415 12
1777979927141 1.44002 13
1777980017884 1.42612 14
1777980109591 1.40358 15
1777980200301 1.38235 16
1777980291049 1.37918 17
1777980382322 1.34614 18
1777980473091 1.35235 19
1777980564340 1.32586 20
1777980655055 1.32232 21
1777980745916 1.34046 22
1777980839421 1.33192 23
1777980933860 1.2862 24
1777981025267 1.2953 25
1777981116510 1.27601 26
1777981207757 1.28502 27
1777981299050 1.28731 28
1777981389727 1.25312 29
1777981481038 1.25487 30
1777981572750 1.24672 31
1777981663698 1.22994 32
1777981754828 1.22951 33
1777981845916 1.22852 34
1777981938588 1.2273 35
1777982032973 1.20282 36
1777982123835 1.22528 37
1777982214593 1.18228 38
1777982305940 1.17032 39
1777982396680 1.18932 40
1777982487438 1.18263 41
1777982578280 1.20776 42
1777982669166 1.16114 43
1777982760211 1.15869 44
1777982850967 1.16812 45
1777982942117 1.17777 46
1777983033067 1.16007 47
1777983123605 1.14598 48
1777983214456 1.14456 49
1777983305734 1.15951 50
1777983396451 1.13682 51
1777983487727 1.14362 52
1777983578410 1.12859 53
1777983669432 1.14212 54
1777983760428 1.11751 55
1777983850793 1.1183 56
1777983941597 1.11081 57
1777984033159 1.1157 58
1777984123847 1.10821 59
1777984214621 1.11008 60
1777984305198 1.09983 61
1777984395973 1.09177 62
1777984486814 1.08111 63
1777984577784 1.07827 64
1777984668685 1.08273 65
1777984759855 1.07083 66
1777984852210 1.06194 67
1777984942804 1.05686 68
1777985033567 1.05709 69
1777985124403 1.06789 70
1777985215113 1.07095 71
1777985306498 1.04846 72
1777985397217 1.05148 73
1777985488201 1.04533 74
1777985578626 1.05109 75
1777985669769 1.05583 76
1777985760557 1.01856 77
1777985851236 1.04402 78
1777985942058 1.03718 79
1777986032839 1.03384 80
1777986123507 1.00453 81
1777986214705 1.02578 82
1777986305289 1.00726 83
1777986395970 1.01472 84
1777986486507 1.00366 85
1777986577768 1.00333 86
1777986668684 0.99498 87
1777986759185 1.00664 88
1777986849782 0.98681 89
1777986940814 0.98224 90
1777987031649 0.99197 91
1777987122385 0.96484 92
1777987213426 0.97656 93
1777987304043 0.98425 94
1777987397200 0.98247 95
1777987489192 0.98212 96
1777987583597 0.97438 97
1777987674809 0.95743 98
1777987766266 0.96164 99
1777987857259 0.96735 100
1777987948417 0.96932 101
1777988038900 0.95137 102
1777988125360 0.95245 103
1777988211534 0.9436 104
1777988298156 0.94166 105
1777988384772 0.94202 106
1777988470786 0.91893 107
1777988556738 0.92024 108
1777988642621 0.94493 109
1777988728791 0.94992 110
1777988814848 0.9421 111
1777988900874 0.93261 112
1777988987001 0.92914 113
1777989074146 0.92697 114
1777989160358 0.91646 115
1777989246342 0.90843 116
1777989332754 0.91917 117
1777989418435 0.93749 118
1777989504874 0.90127 119
1777989591587 0.91488 120
1777989677389 0.90659 121
1777989764911 0.9089 122
1777989853056 0.90621 123
1777989943787 0.90664 124
1777990033197 0.89661 125
1777990120585 0.89135 126
1777990211574 0.89639 127
1777990302170 0.88729 128
1777990392287 0.88676 129
1777990482811 0.88209 130
1777990573794 0.87784 131
1777990667795 0.88657 132
1777990757951 0.8925 133
1777990848398 0.87848 134
1777990938595 0.86863 135
1777991029422 0.86265 136
1777991120123 0.86064 137
1777991211087 0.85798 138
1777991301596 0.86542 139
1777991392301 0.86439 140
1777991483370 0.86385 141
1777991569919 0.86124 142
1777991656096 0.85336 143
1777991742213 0.8567 144
1777991828096 0.83547 145
1777991914358 0.83919 146
1777992000722 0.83767 147
1777992086798 0.83052 148
1777992172596 0.83192 149
1777992258429 0.83262 150
1777992344518 0.83884 151
1777992430681 0.82647 152
1777992516877 0.83269 153
1777992602783 0.83102 154
1777992688938 0.81389 155
1777992774994 0.82521 156
1777992861074 0.81741 157
1777992947204 0.80357 158
1777993033101 0.79744 159
1777993119160 0.80372 160
1777993205465 0.80724 161
1777993291297 0.80506 162
1777993377232 0.79822 163
1777993463225 0.7888 164
1777993551713 0.79992 165
1777993637902 0.7947 166
1777993723804 0.79372 167
1777993809781 0.79065 168
1777993895761 0.79067 169
1777993981745 0.79303 170
1777994068213 0.79354 171
1777994154507 0.78265 172
1777994240904 0.78232 173
1777994326924 0.77801 174
1777994413170 0.78613 175
1777994499417 0.77103 176
1777994585322 0.77944 177
1777994671542 0.77717 178
1777994757621 0.76657 179
1777994843642 0.76827 180
1777994929940 0.75798 181
1777995016225 0.76094 182
1777995102514 0.7636 183
1777995188642 0.75201 184
1777995274823 0.76209 185
1777995361010 0.75753 186
1777995447386 0.76011 187
1777995533474 0.76166 188
1777995620131 0.74411 189
1777995703558 0.72531 190
1777995786039 0.71235 191
1777995868646 0.70471 192
1777995953597 0.69028 193
1777996037912 0.68873 194
1777996129118 0.69397 195
1777996212741 0.68957 196
1777996296316 0.68862 197
1777996387459 0.68215 198
1777996482783 0.67399 199
