1777978728384 1.94961 0
1777978827817 1.23515 1
1777978918882 1.21812 2
1777979009474 1.21421 3
1777979100408 1.14853 4
1777979191151 1.07246 5
1777979281664 0.99831 6
1777979375946 0.99006 7
1777979470060 0.94124 8
1777979562849 0.93809 9
1777979654487 0.89951 10
1777979745030 0.92881 11
1777979836507 0.87707 12
1777979927141 0.87548 13
1777980017884 0.86419 14
1777980109591 0.85908 15
1777980200301 0.84454 16
1777980291049 0.8241 17
1777980382322 0.8063 18
1777980473091 0.81187 19
1777980564340 0.78752 20
1777980655055 0.79354 21
1777980745916 0.7987 22
1777980839421 0.78866 23
1777980933860 0.76578 24
1777981025267 0.76863 25
1777981116510 0.75702 26
1777981207757 0.76568 27
1777981299050 0.76067 28
1777981389727 0.74367 29
1777981481038 0.73948 30
1777981572750 0.73313 31
1777981663698 0.72554 32
1777981754828 0.72829 33
1777981845916 0.73116 34
1777981938588 0.72241 35
1777982032973 0.71069 36
1777982123835 0.72716 37
1777982214593 0.69528 38
1777982305940 0.68924 39
1777982396680 0.70078 40
1777982487438 0.69576 41
1777982578280 0.70374 42
1777982669166 0.68791 43
1777982760211 0.68849 44
1777982850967 0.68324 45
1777982942117 0.69327 46
1777983033067 0.67828 47
1777983123605 0.67337 48
1777983214456 0.66917 49
1777983305734 0.68071 50
1777983396451 0.67496 51
1777983487727 0.67794 52
1777983578410 0.65148 53
1777983669432 0.66781 54
1777983760428 0.65658 55
1777983850793 0.65358 56
1777983941597 0.64891 57
1777984033159 0.65103 58
1777984123847 0.64901 59
1777984214621 0.65447 60
1777984305198 0.64251 61
1777984395973 0.64147 62
1777984486814 0.64003 63
1777984577784 0.6348 64
1777984668685 0.6368 65
1777984759855 0.63375 66
1777984852210 0.62389 67
1777984942804 0.62998 68
1777985033567 0.62317 69
1777985124403 0.62475 70
1777985215113 0.62237 71
1777985306498 0.61392 72
1777985397217 0.61248 73
1777985488201 0.61715 74
1777985578626 0.61919 75
1777985669769 0.61394 76
1777985760557 0.59748 77
1777985851236 0.61841 78
1777985942058 0.60746 79
1777986032839 0.60689 80
1777986123507 0.59036 81
1777986214705 0.60152 82
1777986305289 0.59355 83
1777986395970 0.59583 84
1777986486507 0.58962 85
1777986577768 0.58984 86
1777986668684 0.58853 87
1777986759185 0.58851 88
1777986849782 0.57933 89
1777986940814 0.5857 90
1777987031649 0.57612 91
1777987122385 0.56868 92
1777987213426 0.57375 93
1777987304043 0.57356 94
1777987397200 0.57392 95
1777987489192 0.57582 96
1777987583597 0.57093 97
1777987674809 0.56488 98
1777987766266 0.56581 99
1777987857259 0.57176 100
1777987948417 0.55648 101
1777988038900 0.55967 102
1777988125360 0.56372 103
1777988211534 0.56217 104
1777988298156 0.55765 105
1777988384772 0.55531 106
1777988470786 0.54146 107
1777988556738 0.53847 108
1777988642621 0.5471 109
1777988728791 0.56074 110
1777988814848 0.55201 111
1777988900874 0.54416 112
1777988987001 0.55195 113
1777989074146 0.54245 114
1777989160358 0.54008 115
1777989246342 0.53313 116
1777989332754 0.53882 117
1777989418435 0.54238 118
1777989504874 0.53225 119
1777989591587 0.53722 120
1777989677389 0.53294 121
1777989764911 0.531 122
1777989853056 0.53505 123
1777989943787 0.5356 124
1777990033197 0.52544 125
1777990120585 0.53207 126
1777990211574 0.5288 127
1777990302170 0.52263 128
1777990392287 0.516 129
1777990482811 0.51826 130
1777990573794 0.51923 131
1777990667795 0.52218 132
1777990757951 0.52281 133
1777990848398 0.51674 134
1777990938595 0.51383 135
1777991029422 0.51072 136
1777991120123 0.51429 137
1777991211087 0.51474 138
1777991301596 0.50923 139
1777991392301 0.51056 140
1777991483370 0.50384 141
1777991569919 0.51135 142
1777991656096 0.50363 143
1777991742213 0.50687 144
1777991828096 0.49562 145
1777991914358 0.4983 146
1777992000722 0.4999 147
1777992086798 0.49112 148
1777992172596 0.4947 149
1777992258429 0.49218 150
1777992344518 0.4952 151
1777992430681 0.49052 152
1777992516877 0.48968 153
1777992602783 0.48797 154
1777992688938 0.48439 155
1777992774994 0.49025 156
1777992861074 0.48713 157
1777992947204 0.47999 158
1777993033101 0.47724 159
1777993119160 0.4786 160
1777993205465 0.47593 161
1777993291297 0.4771 162
1777993377232 0.47493 163
1777993463225 0.46911 164
1777993551713 0.47476 165
1777993637902 0.47279 166
1777993723804 0.47517 167
1777993809781 0.47079 168
1777993895761 0.47146 169
1777993981745 0.4746 170
1777994068213 0.47167 171
1777994154507 0.46402 172
1777994240904 0.46626 173
1777994326924 0.46464 174
1777994413170 0.4642 175
1777994499417 0.45706 176
1777994585322 0.46055 177
1777994671542 0.46676 178
1777994757621 0.45438 179
1777994843642 0.45906 180
1777994929940 0.4553 181
1777995016225 0.45309 182
1777995102514 0.4524 183
1777995188642 0.45348 184
1777995274823 0.45208 185
1777995361010 0.45367 186
1777995447386 0.45002 187
1777995533474 0.45589 188
1777995620131 0.4459 189
1777995703558 0.4336 190
1777995786039 0.42246 191
1777995868646 0.42007 192
1777995953597 0.41888 193
1777996037912 0.41451 194
1777996129118 0.41544 195
1777996212741 0.41452 196
1777996296316 0.41239 197
1777996387459 0.41051 198
1777996482783 0.40613 199
