1777978728384 1.28366 0
1777978827817 1.19315 1
1777978918882 1.20868 2
1777979009474 1.20906 3
1777979100408 1.16303 4
1777979191151 1.14361 5
1777979281664 1.10312 6
1777979375946 1.10617 7
1777979470060 1.08545 8
1777979562849 1.06565 9
1777979654487 1.06164 10
1777979745030 1.06024 11
1777979836507 1.04684 12
1777979927141 1.04429 13
1777980017884 1.03635 14
1777980109591 1.03604 15
1777980200301 1.01884 16
1777980291049 1.0223 17
1777980382322 1.01176 18
1777980473091 1.0066 19
1777980564340 0.99527 20
1777980655055 0.99579 21
1777980745916 1.0008 22
1777980839421 0.99707 23
1777980933860 0.98592 24
1777981025267 0.99286 25
1777981116510 0.99043 26
1777981207757 0.99144 27
1777981299050 0.98865 28
1777981389727 0.97496 29
1777981481038 0.97551 30
1777981572750 0.97673 31
1777981663698 0.96325 32
1777981754828 0.97145 33
1777981845916 0.96889 34
1777981938588 0.97006 35
1777982032973 0.96505 36
1777982123835 0.97172 37
1777982214593 0.95504 38
1777982305940 0.95145 39
1777982396680 0.96164 40
1777982487438 0.95524 41
1777982578280 0.96009 42
1777982669166 0.9492 43
1777982760211 0.95301 44
1777982850967 0.95132 45
1777982942117 0.9496 46
1777983033067 0.95105 47
1777983123605 0.94879 48
1777983214456 0.94516 49
1777983305734 0.94536 50
1777983396451 0.94375 51
1777983487727 0.94705 52
1777983578410 0.94154 53
1777983669432 0.93791 54
1777983760428 0.9339 55
1777983850793 0.93578 56
1777983941597 0.93499 57
1777984033159 0.93331 58
1777984123847 0.93087 59
1777984214621 0.93785 60
1777984305198 0.93037 61
1777984395973 0.9259 62
1777984486814 0.92449 63
1777984577784 0.9248 64
1777984668685 0.92534 65
1777984759855 0.92425 66
1777984852210 0.91952 67
1777984942804 0.92173 68
1777985033567 0.92318 69
1777985124403 0.9197 70
1777985215113 0.92359 71
1777985306498 0.91994 72
1777985397217 0.91933 73
1777985488201 0.92065 74
1777985578626 0.9143 75
1777985669769 0.91715 76
1777985760557 0.9078 77
1777985851236 0.91472 78
1777985942058 0.91171 79
1777986032839 0.91319 80
1777986123507 0.91171 81
1777986214705 0.91027 82
1777986305289 0.90633 83
1777986395970 0.91084 84
1777986486507 0.90756 85
1777986577768 0.90736 86
1777986668684 0.90279 87
1777986759185 0.90844 88
1777986849782 0.90359 89
1777986940814 0.90338 90
1777987031649 0.90441 91
1777987122385 0.89627 92
1777987213426 0.89668 93
1777987304043 0.90081 94
1777987397200 0.9011 95
1777987489192 0.9051 96
1777987583597 0.90077 97
1777987674809 0.89316 98
1777987766266 0.89097 99
1777987857259 0.90001 100
1777987948417 0.89399 101
1777988038900 0.89323 102
1777988125360 0.8926 103
1777988211534 0.8909 104
1777988298156 0.89015 105
1777988384772 0.89483 106
1777988470786 0.88962 107
1777988556738 0.88549 108
1777988642621 0.8937 109
1777988728791 0.88513 110
1777988814848 0.89268 111
1777988900874 0.88732 112
1777988987001 0.88938 113
1777989074146 0.88506 114
1777989160358 0.87702 115
1777989246342 0.88881 116
1777989332754 0.88388 117
1777989418435 0.88766 118
1777989504874 0.88125 119
1777989591587 0.88376 120
1777989677389 0.88327 121
1777989764911 0.88356 122
1777989853056 0.88038 123
1777989943787 0.8795 124
1777990033197 0.88321 125
1777990120585 0.87598 126
1777990211574 0.8775 127
1777990302170 0.87941 128
1777990392287 0.87906 129
1777990482811 0.87592 130
1777990573794 0.87328 131
1777990667795 0.87261 132
1777990757951 0.88301 133
1777990848398 0.8742 134
1777990938595 0.87544 135
1777991029422 0.87329 136
1777991120123 0.87008 137
1777991211087 0.87594 138
1777991301596 0.86995 139
1777991392301 0.87083 140
1777991483370 0.87109 141
1777991569919 0.87188 142
1777991656096 0.87178 143
1777991742213 0.87328 144
1777991828096 0.86542 145
1777991914358 0.86984 146
1777992000722 0.86365 147
1777992086798 0.86102 148
1777992172596 0.86617 149
1777992258429 0.86366 150
1777992344518 0.86921 151
1777992430681 0.86454 152
1777992516877 0.86719 153
1777992602783 0.86318 154
1777992688938 0.86118 155
1777992774994 0.86267 156
1777992861074 0.86416 157
1777992947204 0.85872 158
1777993033101 0.85358 159
1777993119160 0.8576 160
1777993205465 0.86035 161
1777993291297 0.86313 162
1777993377232 0.85521 163
1777993463225 0.85754 164
1777993551713 0.85729 165
1777993637902 0.85653 166
1777993723804 0.85786 167
1777993809781 0.85796 168
1777993895761 0.8561 169
1777993981745 0.85449 170
1777994068213 0.85346 171
1777994154507 0.85724 172
1777994240904 0.85636 173
1777994326924 0.85944 174
1777994413170 0.85209 175
1777994499417 0.85209 176
1777994585322 0.85475 177
1777994671542 0.85195 178
1777994757621 0.85375 179
1777994843642 0.85178 180
1777994929940 0.84821 181
1777995016225 0.84874 182
1777995102514 0.85037 183
1777995188642 0.85191 184
1777995274823 0.85097 185
1777995361010 0.85253 186
1777995447386 0.84851 187
1777995533474 0.85306 188
1777995620131 0.84931 189
1777995703558 0.843 190
1777995786039 0.84453 191
1777995868646 0.84197 192
1777995953597 0.838 193
1777996037912 0.83657 194
1777996129118 0.83952 195
1777996212741 0.83898 196
1777996296316 0.84011 197
1777996387459 0.83724 198
1777996482783 0.83806 199
