1777978728384 0.52493 0
1777978827817 0.30303 1
1777978918882 0.28501 2
1777979009474 0.27827 3
1777979100408 0.2576 4
1777979191151 0.267 5
1777979281664 0.25738 6
1777979375946 0.23521 7
1777979470060 0.23862 8
1777979562849 0.23203 9
1777979654487 0.22519 10
1777979745030 0.22364 11
1777979836507 0.21564 12
1777979927141 0.21368 13
1777980017884 0.20427 14
1777980109591 0.21554 15
1777980200301 0.19534 16
1777980291049 0.19885 17
1777980382322 0.20111 18
1777980473091 0.19145 19
1777980564340 0.18544 20
1777980655055 0.19634 21
1777980745916 0.19465 22
1777980839421 0.19048 23
1777980933860 0.17939 24
1777981025267 0.18934 25
1777981116510 0.1916 26
1777981207757 0.19089 27
1777981299050 0.18623 28
1777981389727 0.185 29
1777981481038 0.18632 30
1777981572750 0.17984 31
1777981663698 0.18243 32
1777981754828 0.18014 33
1777981845916 0.17799 34
1777981938588 0.17762 35
1777982032973 0.16913 36
1777982123835 0.18074 37
1777982214593 0.1741 38
1777982305940 0.17602 39
1777982396680 0.17097 40
1777982487438 0.17363 41
1777982578280 0.17153 42
1777982669166 0.17024 43
1777982760211 0.17092 44
1777982850967 0.17331 45
1777982942117 0.16901 46
1777983033067 0.16873 47
1777983123605 0.16466 48
1777983214456 0.16539 49
1777983305734 0.17585 50
1777983396451 0.16579 51
1777983487727 0.17386 52
1777983578410 0.16297 53
1777983669432 0.16254 54
1777983760428 0.17071 55
1777983850793 0.16468 56
1777983941597 0.16387 57
1777984033159 0.16381 58
1777984123847 0.161 59
1777984214621 0.16794 60
1777984305198 0.15925 61
1777984395973 0.16769 62
1777984486814 0.16204 63
1777984577784 0.1709 64
1777984668685 0.16397 65
1777984759855 0.15988 66
1777984852210 0.15981 67
1777984942804 0.16405 68
1777985033567 0.16071 69
1777985124403 0.15195 70
1777985215113 0.15999 71
1777985306498 0.15516 72
1777985397217 0.16056 73
1777985488201 0.15953 74
1777985578626 0.15603 75
1777985669769 0.16475 76
1777985760557 0.14682 77
1777985851236 0.15298 78
1777985942058 0.15306 79
1777986032839 0.15356 80
1777986123507 0.14371 81
1777986214705 0.15771 82
1777986305289 0.15725 83
1777986395970 0.15192 84
1777986486507 0.15489 85
1777986577768 0.154 86
1777986668684 0.14635 87
1777986759185 0.15088 88
1777986849782 0.15011 89
1777986940814 0.14553 90
1777987031649 0.14801 91
1777987122385 0.14171 92
1777987213426 0.14023 93
1777987304043 0.14392 94
1777987397200 0.14609 95
1777987489192 0.14635 96
1777987583597 0.14874 97
1777987674809 0.1403 98
1777987766266 0.14063 99
1777987857259 0.14923 100
1777987948417 0.13178 101
1777988038900 0.14411 102
1777988125360 0.13795 103
1777988211534 0.14471 104
1777988298156 0.144 105
1777988384772 0.1425 106
1777988470786 0.13618 107
1777988556738 0.13525 108
1777988642621 0.14421 109
1777988728791 0.14198 110
1777988814848 0.13762 111
1777988900874 0.13744 112
1777988987001 0.14027 113
1777989074146 0.13985 114
1777989160358 0.12754 115
1777989246342 0.13444 116
1777989332754 0.13418 117
1777989418435 0.13283 118
1777989504874 0.13423 119
1777989591587 0.13201 120
1777989677389 0.13225 121
1777989764911 0.1293 122
1777989853056 0.13285 123
1777989943787 0.13136 124
1777990033197 0.1373 125
1777990120585 0.13236 126
1777990211574 0.12606 127
1777990302170 0.13698 128
1777990392287 0.1353 129
1777990482811 0.12992 130
1777990573794 0.13038 131
1777990667795 0.12842 132
1777990757951 0.1341 133
1777990848398 0.13227 134
1777990938595 0.12844 135
1777991029422 0.12981 136
1777991120123 0.13396 137
1777991211087 0.12745 138
1777991301596 0.12661 139
1777991392301 0.12776 140
1777991483370 0.124 141
1777991569919 0.12487 142
1777991656096 0.12266 143
1777991742213 0.13568 144
1777991828096 0.12026 145
1777991914358 0.12529 146
1777992000722 0.12467 147
1777992086798 0.11535 148
1777992172596 0.12235 149
1777992258429 0.12702 150
1777992344518 0.12685 151
1777992430681 0.12332 152
1777992516877 0.1258 153
1777992602783 0.11931 154
1777992688938 0.11986 155
1777992774994 0.12287 156
1777992861074 0.12367 157
1777992947204 0.11624 158
1777993033101 0.11105 159
1777993119160 0.11335 160
1777993205465 0.11886 161
1777993291297 0.11599 162
1777993377232 0.11133 163
1777993463225 0.11898 164
1777993551713 0.1226 165
1777993637902 0.11524 166
1777993723804 0.12039 167
1777993809781 0.1171 168
1777993895761 0.1164 169
1777993981745 0.11798 170
1777994068213 0.11522 171
1777994154507 0.11702 172
1777994240904 0.11657 173
1777994326924 0.11808 174
1777994413170 0.11189 175
1777994499417 0.11385 176
1777994585322 0.11598 177
1777994671542 0.11875 178
1777994757621 0.11481 179
1777994843642 0.11097 180
1777994929940 0.11035 181
1777995016225 0.10996 182
1777995102514 0.11692 183
1777995188642 0.10944 184
1777995274823 0.11216 185
1777995361010 0.11236 186
1777995447386 0.10887 187
1777995533474 0.12163 188
1777995620131 0.10869 189
1777995703558 0.05306 190
1777995786039 0.04967 191
1777995868646 0.05098 192
1777995953597 0.05126 193
1777996037912 0.05348 194
1777996129118 0.05367 195
1777996212741 0.05416 196
1777996296316 0.05044 197
1777996387459 0.05114 198
1777996482783 0.05103 199
