1777978728384 8.02975 0
1777978827817 6.64766 1
1777978918882 6.17183 2
1777979009474 5.80124 3
1777979100408 5.71834 4
1777979191151 5.29461 5
1777979281664 5.2018 6
1777979375946 5.10081 7
1777979470060 4.83416 8
1777979562849 4.7339 9
1777979654487 4.59938 10
1777979745030 4.68752 11
1777979836507 4.35118 12
1777979927141 4.49219 13
1777980017884 4.41903 14
1777980109591 4.24432 15
1777980200301 4.10817 16
1777980291049 4.1608 17
1777980382322 4.14745 18
1777980473091 3.98126 19
1777980564340 3.81514 20
1777980655055 3.85299 21
1777980745916 3.84204 22
1777980839421 3.84646 23
1777980933860 3.78384 24
1777981025267 3.70836 25
1777981116510 3.63203 26
1777981207757 3.61046 27
1777981299050 3.57017 28
1777981389727 3.53637 29
1777981481038 3.42539 30
1777981572750 3.32478 31
1777981663698 3.29326 32
1777981754828 3.3565 33
1777981845916 3.19224 34
1777981938588 3.22831 35
1777982032973 3.056 36
1777982123835 3.28079 37
1777982214593 3.07239 38
1777982305940 2.90234 39
1777982396680 3.07271 40
1777982487438 2.9884 41
1777982578280 3.09304 42
1777982669166 2.82444 43
1777982760211 2.89748 44
1777982850967 2.91781 45
1777982942117 2.89638 46
1777983033067 2.89599 47
1777983123605 2.69129 48
1777983214456 2.72732 49
1777983305734 2.76644 50
1777983396451 2.69107 51
1777983487727 2.82471 52
1777983578410 2.73265 53
1777983669432 2.74972 54
1777983760428 2.60409 55
1777983850793 2.60469 56
1777983941597 2.462 57
1777984033159 2.62255 58
1777984123847 2.5928 59
1777984214621 2.59605 60
1777984305198 2.63096 61
1777984395973 2.52096 62
1777984486814 2.54865 63
1777984577784 2.43598 64
1777984668685 2.45119 65
1777984759855 2.41819 66
1777984852210 2.37503 67
1777984942804 2.32034 68
1777985033567 2.30926 69
1777985124403 2.35212 70
1777985215113 2.31656 71
1777985306498 2.33186 72
1777985397217 2.30672 73
1777985488201 2.35939 74
1777985578626 2.29288 75
1777985669769 2.22695 76
1777985760557 2.21541 77
1777985851236 2.1689 78
1777985942058 2.19777 79
1777986032839 2.2105 80
1777986123507 2.11964 81
1777986214705 2.03531 82
1777986305289 2.10577 83
1777986395970 2.08728 84
1777986486507 1.96747 85
1777986577768 1.98017 86
1777986668684 2.01461 87
1777986759185 2.12032 88
1777986849782 1.94895 89
1777986940814 1.90364 90
1777987031649 1.99409 91
1777987122385 1.85452 92
1777987213426 1.92596 93
1777987304043 1.96895 94
1777987397200 2.00776 95
1777987489192 1.87241 96
1777987583597 1.91098 97
1777987674809 1.80581 98
1777987766266 1.83005 99
1777987857259 1.74082 100
1777987948417 1.83357 101
1777988038900 1.82831 102
1777988125360 1.81518 103
1777988211534 1.84812 104
1777988298156 1.76902 105
1777988384772 1.80734 106
1777988470786 1.71648 107
1777988556738 1.66067 108
1777988642621 1.74625 109
1777988728791 1.68984 110
1777988814848 1.76034 111
1777988900874 1.70305 112
1777988987001 1.60277 113
1777989074146 1.64728 114
1777989160358 1.6475 115
1777989246342 1.66112 116
1777989332754 1.58494 117
1777989418435 1.6134 118
1777989504874 1.5711 119
1777989591587 1.58534 120
1777989677389 1.56852 121
1777989764911 1.61436 122
1777989853056 1.57825 123
1777989943787 1.59625 124
1777990033197 1.5708 125
1777990120585 1.52783 126
1777990211574 1.58685 127
1777990302170 1.59611 128
1777990392287 1.56283 129
1777990482811 1.54761 130
1777990573794 1.4532 131
1777990667795 1.43322 132
1777990757951 1.43935 133
1777990848398 1.43966 134
1777990938595 1.47767 135
1777991029422 1.41572 136
1777991120123 1.42743 137
1777991211087 1.43482 138
1777991301596 1.34657 139
1777991392301 1.36701 140
1777991483370 1.33938 141
1777991569919 1.41767 142
1777991656096 1.41193 143
1777991742213 1.30293 144
1777991828096 1.27097 145
1777991914358 1.33368 146
1777992000722 1.29576 147
1777992086798 1.31691 148
1777992172596 1.30802 149
1777992258429 1.28788 150
1777992344518 1.33521 151
1777992430681 1.27853 152
1777992516877 1.25418 153
1777992602783 1.23783 154
1777992688938 1.29272 155
1777992774994 1.22059 156
1777992861074 1.30982 157
1777992947204 1.22259 158
1777993033101 1.21543 159
1777993119160 1.20635 160
1777993205465 1.22704 161
1777993291297 1.26965 162
1777993377232 1.17945 163
1777993463225 1.17253 164
1777993551713 1.21241 165
1777993637902 1.16963 166
1777993723804 1.27007 167
1777993809781 1.13265 168
1777993895761 1.15874 169
1777993981745 1.18923 170
1777994068213 1.23242 171
1777994154507 1.2015 172
1777994240904 1.13172 173
1777994326924 1.17294 174
1777994413170 1.12435 175
1777994499417 1.09475 176
1777994585322 1.11457 177
1777994671542 1.14105 178
1777994757621 1.13063 179
1777994843642 1.05553 180
1777994929940 1.12339 181
1777995016225 1.13048 182
1777995102514 1.0908 183
1777995188642 1.10855 184
1777995274823 1.04647 185
1777995361010 1.09477 186
1777995447386 1.05139 187
1777995533474 1.10586 188
1777995620131 1.05195 189
1777995703558 0.93312 190
1777995786039 0.89884 191
1777995868646 0.88552 192
1777995953597 0.87448 193
1777996037912 0.87897 194
1777996129118 0.87325 195
1777996212741 0.83339 196
1777996296316 0.87262 197
1777996387459 0.85302 198
1777996482783 0.86107 199
