1777978742659 0.71982 0
1777978839930 0.64302 1
1777978931063 0.76855 2
1777979021680 0.70448 3
1777979112700 0.79836 4
1777979203302 0.88538 5
1777979297654 0.88709 6
1777979391891 0.89836 7
1777979484122 0.91595 8
1777979575949 0.91574 9
1777979666616 0.93436 10
1777979757218 0.90537 11
1777979848680 0.93116 12
1777979939378 0.93359 13
1777980030252 0.93213 14
1777980121731 0.93688 15
1777980212410 0.94995 16
1777980303535 0.95413 17
1777980394356 0.93699 18
1777980485323 0.95162 19
1777980576395 0.96043 20
1777980667367 0.9513 21
1777980760265 0.95529 22
1777980855159 0.95596 23
1777980945983 0.95688 24
1777981037458 0.96137 25
1777981128637 0.95124 26
1777981219919 0.96264 27
1777981311182 0.95389 28
1777981402493 0.96913 29
1777981493435 0.96125 30
1777981584852 0.96619 31
1777981675697 0.95441 32
1777981766966 0.95331 33
1777981859994 0.96384 34
1777981953980 0.96525 35
1777982045056 0.96488 36
1777982135971 0.96796 37
1777982227337 0.95949 38
1777982318070 0.97143 39
1777982408828 0.97164 40
1777982499526 0.96104 41
1777982590426 0.97012 42
1777982681262 0.96895 43
1777982772330 0.97188 44
1777982863065 0.96762 45
1777982954362 0.97199 46
1777983045228 0.9706 47
1777983135628 0.96868 48
1777983226544 0.96599 49
1777983317791 0.96968 50
1777983408651 0.97487 51
1777983499738 0.97837 52
1777983590607 0.97352 53
1777983681639 0.97409 54
1777983772454 0.97109 55
1777983863040 0.98005 56
1777983954259 0.97862 57
1777984045293 0.97383 58
1777984135893 0.9749 59
1777984226687 0.97724 60
1777984317353 0.97746 61
1777984408157 0.97649 62
1777984498938 0.9718 63
1777984589826 0.97911 64
1777984680855 0.98143 65
1777984773897 0.98163 66
1777984864337 0.97841 67
1777984954929 0.97941 68
1777985045662 0.97452 69
1777985136514 0.97602 70
1777985227822 0.97975 71
1777985318565 0.97707 72
1777985409348 0.97586 73
1777985500307 0.97675 74
1777985591099 0.98199 75
1777985681876 0.97547 76
1777985772550 0.97874 77
1777985863354 0.98407 78
1777985954249 0.97894 79
1777986044868 0.97743 80
1777986135593 0.98512 81
1777986226686 0.97863 82
1777986317383 0.97978 83
1777986407955 0.98113 84
1777986499238 0.98113 85
1777986589770 0.97646 86
1777986680843 0.98365 87
1777986771194 0.981 88
1777986861821 0.98546 89
1777986952827 0.98136 90
1777987043749 0.97986 91
1777987134406 0.97891 92
1777987225562 0.9824 93
1777987318140 0.98104 94
1777987409927 0.97839 95
1777987501600 0.98138 96
1777987595721 0.98214 97
1777987686963 0.98444 98
1777987778305 0.98186 99
1777987869373 0.98225 100
1777987960467 0.98293 101
1777988050392 0.98065 102
1777988136862 0.98441 103
1777988223146 0.98335 104
1777988309627 0.98374 105
1777988396243 0.98682 106
1777988482239 0.98342 107
1777988568140 0.98499 108
1777988654063 0.98328 109
1777988740278 0.98258 110
1777988826519 0.9847 111
1777988912267 0.98589 112
1777988999164 0.98509 113
1777989085552 0.9856 114
1777989171776 0.9831 115
1777989257781 0.98706 116
1777989344159 0.98374 117
1777989429937 0.98361 118
1777989516454 0.98564 119
1777989602969 0.983 120
1777989688921 0.98697 121
1777989776619 0.98309 122
1777989865163 0.9835 123
1777989955962 0.98299 124
1777990044578 0.98245 125
1777990132640 0.98526 126
1777990223637 0.98719 127
1777990314157 0.98267 128
1777990404291 0.98196 129
1777990494835 0.98296 130
1777990589202 0.9825 131
1777990679779 0.98853 132
1777990769952 0.98302 133
1777990860415 0.98607 134
1777990950796 0.98896 135
1777991041400 0.9828 136
1777991132223 0.98344 137
1777991223082 0.98313 138
1777991313742 0.98364 139
1777991404334 0.98317 140
1777991495351 0.98586 141
1777991581344 0.98317 142
1777991667494 0.98301 143
1777991753578 0.98218 144
1777991839542 0.98731 145
1777991925841 0.98736 146
1777992012202 0.98611 147
1777992098318 0.98609 148
1777992184041 0.98331 149
1777992269805 0.98363 150
1777992355920 0.98592 151
1777992442238 0.98314 152
1777992528249 0.9836 153
1777992614235 0.98385 154
1777992700345 0.98409 155
1777992786498 0.98713 156
1777992872465 0.98927 157
1777992958716 0.98375 158
1777993044578 0.98854 159
1777993130650 0.98389 160
1777993217019 0.98882 161
1777993302757 0.98924 162
1777993388797 0.98801 163
1777993477119 0.99029 164
1777993563206 0.99037 165
1777993649371 0.99044 166
1777993735211 0.98381 167
1777993821404 0.98665 168
1777993907344 0.98808 169
1777993993762 0.98923 170
1777994079650 0.98904 171
1777994165906 0.98871 172
1777994252352 0.98828 173
1777994338326 0.98778 174
1777994424709 0.98786 175
1777994510902 0.98736 176
1777994596799 0.98752 177
1777994682950 0.98705 178
1777994769060 0.99033 179
1777994855133 0.99038 180
1777994941550 0.98404 181
1777995027832 0.984 182
1777995113939 0.99007 183
1777995200096 0.98978 184
1777995286323 0.98979 185
1777995372665 0.9895 186
1777995458842 0.98975 187
1777995544948 0.98893 188
1777995631703 0.98857 189
1777995714963 0.98399 190
1777995797457 0.98367 191
1777995880198 0.98369 192
1777995965485 0.98342 193
1777996051575 0.98344 194
1777996140767 0.98368 195
1777996224378 0.98373 196
1777996308261 0.98372 197
1777996402408 0.98368 198
1777996496399 0.98393 199
1777996512625 0.9902443293783285 199
