1777978742659 0.34696 0
1777978839930 0.30828 1
1777978931063 0.34843 2
1777979021680 0.33695 3
1777979112700 0.39803 4
1777979203302 0.46558 5
1777979297654 0.47343 6
1777979391891 0.51864 7
1777979484122 0.52413 8
1777979575949 0.55704 9
1777979666616 0.57255 10
1777979757218 0.52884 11
1777979848680 0.55438 12
1777979939378 0.57208 13
1777980030252 0.57764 14
1777980121731 0.57242 15
1777980212410 0.58914 16
1777980303535 0.61258 17
1777980394356 0.58615 18
1777980485323 0.61214 19
1777980576395 0.62317 20
1777980667367 0.62915 21
1777980760265 0.56529 22
1777980855159 0.62806 23
1777980945983 0.63441 24
1777981037458 0.64387 25
1777981128637 0.61896 26
1777981219919 0.62131 27
1777981311182 0.626 28
1777981402493 0.65693 29
1777981493435 0.65944 30
1777981584852 0.65873 31
1777981675697 0.62454 32
1777981766966 0.64884 33
1777981859994 0.6479 34
1777981953980 0.64617 35
1777982045056 0.65902 36
1777982135971 0.65911 37
1777982227337 0.66229 38
1777982318070 0.67075 39
1777982408828 0.66477 40
1777982499526 0.66783 41
1777982590426 0.6739 42
1777982681262 0.66537 43
1777982772330 0.6824 44
1777982863065 0.67795 45
1777982954362 0.67256 46
1777983045228 0.68181 47
1777983135628 0.68687 48
1777983226544 0.67952 49
1777983317791 0.67347 50
1777983408651 0.69447 51
1777983499738 0.68453 52
1777983590607 0.69067 53
1777983681639 0.69591 54
1777983772454 0.68201 55
1777983863040 0.6996 56
1777983954259 0.69599 57
1777984045293 0.69274 58
1777984135893 0.69406 59
1777984226687 0.6972 60
1777984317353 0.70976 61
1777984408157 0.70996 62
1777984498938 0.69588 63
1777984589826 0.71338 64
1777984680855 0.71692 65
1777984773897 0.70594 66
1777984864337 0.70399 67
1777984954929 0.71026 68
1777985045662 0.70011 69
1777985136514 0.72043 70
1777985227822 0.72439 71
1777985318565 0.70956 72
1777985409348 0.71398 73
1777985500307 0.71817 74
1777985591099 0.72323 75
1777985681876 0.71558 76
1777985772550 0.71547 77
1777985863354 0.71945 78
1777985954249 0.7215 79
1777986044868 0.71636 80
1777986135593 0.72671 81
1777986226686 0.72203 82
1777986317383 0.72831 83
1777986407955 0.72803 84
1777986499238 0.73311 85
1777986589770 0.72231 86
1777986680843 0.73485 87
1777986771194 0.72765 88
1777986861821 0.73419 89
1777986952827 0.74125 90
1777987043749 0.73549 91
1777987134406 0.74405 92
1777987225562 0.74039 93
1777987318140 0.74382 94
1777987409927 0.73884 95
1777987501600 0.73605 96
1777987595721 0.73942 97
1777987686963 0.7389 98
1777987778305 0.74383 99
1777987869373 0.738 100
1777987960467 0.74046 101
1777988050392 0.74188 102
1777988136862 0.7453 103
1777988223146 0.74222 104
1777988309627 0.74734 105
1777988396243 0.74544 106
1777988482239 0.74714 107
1777988568140 0.74861 108
1777988654063 0.75128 109
1777988740278 0.74499 110
1777988826519 0.74831 111
1777988912267 0.74785 112
1777988999164 0.7466 113
1777989085552 0.74338 114
1777989171776 0.74821 115
1777989257781 0.74838 116
1777989344159 0.75125 117
1777989429937 0.7516 118
1777989516454 0.75137 119
1777989602969 0.75557 120
1777989688921 0.75477 121
1777989776619 0.75341 122
1777989865163 0.75331 123
1777989955962 0.755 124
1777990044578 0.75539 125
1777990132640 0.75485 126
1777990223637 0.75833 127
1777990314157 0.75651 128
1777990404291 0.75379 129
1777990494835 0.7565 130
1777990589202 0.75654 131
1777990679779 0.75887 132
1777990769952 0.75665 133
1777990860415 0.76078 134
1777990950796 0.76232 135
1777991041400 0.7606 136
1777991132223 0.76665 137
1777991223082 0.76109 138
1777991313742 0.7632 139
1777991404334 0.7618 140
1777991495351 0.7638 141
1777991581344 0.76477 142
1777991667494 0.75989 143
1777991753578 0.76097 144
1777991839542 0.76686 145
1777991925841 0.76292 146
1777992012202 0.76389 147
1777992098318 0.76631 148
1777992184041 0.76623 149
1777992269805 0.76282 150
1777992355920 0.7654 151
1777992442238 0.7654 152
1777992528249 0.76515 153
1777992614235 0.76708 154
1777992700345 0.76467 155
1777992786498 0.76893 156
1777992872465 0.77118 157
1777992958716 0.76751 158
1777993044578 0.77195 159
1777993130650 0.77256 160
1777993217019 0.76876 161
1777993302757 0.76826 162
1777993388797 0.77 163
1777993477119 0.76996 164
1777993563206 0.77186 165
1777993649371 0.77323 166
1777993735211 0.77136 167
1777993821404 0.77121 168
1777993907344 0.77468 169
1777993993762 0.77592 170
1777994079650 0.77596 171
1777994165906 0.77474 172
1777994252352 0.77671 173
1777994338326 0.77654 174
1777994424709 0.77387 175
1777994510902 0.77262 176
1777994596799 0.77294 177
1777994682950 0.77535 178
1777994769060 0.77382 179
1777994855133 0.77325 180
1777994941550 0.76912 181
1777995027832 0.77089 182
1777995113939 0.77257 183
1777995200096 0.77746 184
1777995286323 0.77647 185
1777995372665 0.77748 186
1777995458842 0.77715 187
1777995544948 0.77656 188
1777995631703 0.77529 189
1777995714963 0.77267 190
1777995797457 0.77217 191
1777995880198 0.77087 192
1777995965485 0.771 193
1777996051575 0.77058 194
1777996140767 0.7706 195
1777996224378 0.7716 196
1777996308261 0.77259 197
1777996402408 0.77343 198
1777996496399 0.77241 199
1777996512625 0.7733270935656609 199
