1777978742659 0.01099 0
1777978839930 0.05825 1
1777978931063 0.08348 2
1777979021680 0.10718 3
1777979112700 0.13783 4
1777979203302 0.17364 5
1777979297654 0.1793 6
1777979391891 0.25338 7
1777979484122 0.20925 8
1777979575949 0.24755 9
1777979666616 0.24442 10
1777979757218 0.26296 11
1777979848680 0.28608 12
1777979939378 0.29271 13
1777980030252 0.31741 14
1777980121731 0.29439 15
1777980212410 0.29436 16
1777980303535 0.33582 17
1777980394356 0.32709 18
1777980485323 0.33857 19
1777980576395 0.33104 20
1777980667367 0.35769 21
1777980760265 0.3817 22
1777980855159 0.38861 23
1777980945983 0.33884 24
1777981037458 0.42518 25
1777981128637 0.39508 26
1777981219919 0.43645 27
1777981311182 0.43102 28
1777981402493 0.40748 29
1777981493435 0.4578 30
1777981584852 0.4211 31
1777981675697 0.40084 32
1777981766966 0.43678 33
1777981859994 0.46104 34
1777981953980 0.47187 35
1777982045056 0.49747 36
1777982135971 0.46375 37
1777982227337 0.4923 38
1777982318070 0.51587 39
1777982408828 0.48978 40
1777982499526 0.50834 41
1777982590426 0.51406 42
1777982681262 0.55459 43
1777982772330 0.51026 44
1777982863065 0.5317 45
1777982954362 0.50415 46
1777983045228 0.46925 47
1777983135628 0.53688 48
1777983226544 0.52167 49
1777983317791 0.49511 50
1777983408651 0.54606 51
1777983499738 0.54147 52
1777983590607 0.57432 53
1777983681639 0.52082 54
1777983772454 0.53752 55
1777983863040 0.56797 56
1777983954259 0.57766 57
1777984045293 0.59213 58
1777984135893 0.57562 59
1777984226687 0.531 60
1777984317353 0.58927 61
1777984408157 0.59762 62
1777984498938 0.49504 63
1777984589826 0.57145 64
1777984680855 0.59687 65
1777984773897 0.62476 66
1777984864337 0.58359 67
1777984954929 0.62454 68
1777985045662 0.61796 69
1777985136514 0.62582 70
1777985227822 0.64248 71
1777985318565 0.63287 72
1777985409348 0.59942 73
1777985500307 0.62484 74
1777985591099 0.60864 75
1777985681876 0.63463 76
1777985772550 0.65073 77
1777985863354 0.6519 78
1777985954249 0.64246 79
1777986044868 0.64665 80
1777986135593 0.64139 81
1777986226686 0.6481 82
1777986317383 0.6467 83
1777986407955 0.62452 84
1777986499238 0.67377 85
1777986589770 0.64244 86
1777986680843 0.6866 87
1777986771194 0.67511 88
1777986861821 0.65934 89
1777986952827 0.67433 90
1777987043749 0.66697 91
1777987134406 0.66843 92
1777987225562 0.66525 93
1777987318140 0.68326 94
1777987409927 0.68184 95
1777987501600 0.64873 96
1777987595721 0.69364 97
1777987686963 0.70215 98
1777987778305 0.68104 99
1777987869373 0.69939 100
1777987960467 0.65982 101
1777988050392 0.69033 102
1777988136862 0.69708 103
1777988223146 0.70226 104
1777988309627 0.67478 105
1777988396243 0.68989 106
1777988482239 0.7019 107
1777988568140 0.69564 108
1777988654063 0.68228 109
1777988740278 0.71405 110
1777988826519 0.72205 111
1777988912267 0.70995 112
1777988999164 0.72719 113
1777989085552 0.69873 114
1777989171776 0.71333 115
1777989257781 0.71601 116
1777989344159 0.71758 117
1777989429937 0.7327 118
1777989516454 0.72757 119
1777989602969 0.71284 120
1777989688921 0.71904 121
1777989776619 0.73081 122
1777989865163 0.7355 123
1777989955962 0.7174 124
1777990044578 0.72676 125
1777990132640 0.73988 126
1777990223637 0.73214 127
1777990314157 0.72856 128
1777990404291 0.73038 129
1777990494835 0.73144 130
1777990589202 0.73942 131
1777990679779 0.69978 132
1777990769952 0.73219 133
1777990860415 0.72692 134
1777990950796 0.7223 135
1777991041400 0.7309 136
1777991132223 0.73041 137
1777991223082 0.73431 138
1777991313742 0.74363 139
1777991404334 0.73589 140
1777991495351 0.74036 141
1777991581344 0.74462 142
1777991667494 0.73147 143
1777991753578 0.74168 144
1777991839542 0.73912 145
1777991925841 0.7493 146
1777992012202 0.75842 147
1777992098318 0.75631 148
1777992184041 0.75379 149
1777992269805 0.75149 150
1777992355920 0.74722 151
1777992442238 0.74719 152
1777992528249 0.74795 153
1777992614235 0.75251 154
1777992700345 0.74822 155
1777992786498 0.74765 156
1777992872465 0.74972 157
1777992958716 0.75596 158
1777993044578 0.75195 159
1777993130650 0.75755 160
1777993217019 0.75762 161
1777993302757 0.76207 162
1777993388797 0.76515 163
1777993477119 0.76497 164
1777993563206 0.76515 165
1777993649371 0.76183 166
1777993735211 0.75517 167
1777993821404 0.75818 168
1777993907344 0.75708 169
1777993993762 0.75346 170
1777994079650 0.75071 171
1777994165906 0.7541 172
1777994252352 0.75344 173
1777994338326 0.75608 174
1777994424709 0.75677 175
1777994510902 0.75938 176
1777994596799 0.76174 177
1777994682950 0.76041 178
1777994769060 0.7618 179
1777994855133 0.76487 180
1777994941550 0.75521 181
1777995027832 0.76105 182
1777995113939 0.76297 183
1777995200096 0.75451 184
1777995286323 0.75553 185
1777995372665 0.75697 186
1777995458842 0.75381 187
1777995544948 0.74978 188
1777995631703 0.75454 189
1777995714963 0.7599 190
1777995797457 0.75557 191
1777995880198 0.75482 192
1777995965485 0.75775 193
1777996051575 0.75808 194
1777996140767 0.75926 195
1777996224378 0.75928 196
1777996308261 0.7608 197
1777996402408 0.7584 198
1777996496399 0.76325 199
1777996512625 0.7643014271206491 199
