1777978742659 0.05747 0
1777978839930 0.169 1
1777978931063 0.22871 2
1777979021680 0.28804 3
1777979112700 0.32191 4
1777979203302 0.38156 5
1777979297654 0.35821 6
1777979391891 0.46743 7
1777979484122 0.4628 8
1777979575949 0.45958 9
1777979666616 0.42566 10
1777979757218 0.46464 11
1777979848680 0.47841 12
1777979939378 0.49534 13
1777980030252 0.53873 14
1777980121731 0.50797 15
1777980212410 0.52088 16
1777980303535 0.55599 17
1777980394356 0.52952 18
1777980485323 0.54488 19
1777980576395 0.55725 20
1777980667367 0.56849 21
1777980760265 0.58864 22
1777980855159 0.60476 23
1777980945983 0.56076 24
1777981037458 0.62183 25
1777981128637 0.59378 26
1777981219919 0.64909 27
1777981311182 0.6354 28
1777981402493 0.61863 29
1777981493435 0.62851 30
1777981584852 0.60473 31
1777981675697 0.60244 32
1777981766966 0.60937 33
1777981859994 0.63763 34
1777981953980 0.65731 35
1777982045056 0.68178 36
1777982135971 0.62276 37
1777982227337 0.67838 38
1777982318070 0.68551 39
1777982408828 0.65616 40
1777982499526 0.68455 41
1777982590426 0.69622 42
1777982681262 0.73258 43
1777982772330 0.67066 44
1777982863065 0.69748 45
1777982954362 0.66269 46
1777983045228 0.63811 47
1777983135628 0.70926 48
1777983226544 0.70138 49
1777983317791 0.65106 50
1777983408651 0.69068 51
1777983499738 0.69907 52
1777983590607 0.72636 53
1777983681639 0.67849 54
1777983772454 0.69004 55
1777983863040 0.73558 56
1777983954259 0.72251 57
1777984045293 0.74888 58
1777984135893 0.72859 59
1777984226687 0.67534 60
1777984317353 0.74149 61
1777984408157 0.73638 62
1777984498938 0.63268 63
1777984589826 0.71364 64
1777984680855 0.74565 65
1777984773897 0.76946 66
1777984864337 0.72369 67
1777984954929 0.76293 68
1777985045662 0.76726 69
1777985136514 0.76458 70
1777985227822 0.77119 71
1777985318565 0.76635 72
1777985409348 0.72889 73
1777985500307 0.74887 74
1777985591099 0.73671 75
1777985681876 0.76354 76
1777985772550 0.77449 77
1777985863354 0.77774 78
1777985954249 0.78003 79
1777986044868 0.77346 80
1777986135593 0.75176 81
1777986226686 0.76555 82
1777986317383 0.76697 83
1777986407955 0.74055 84
1777986499238 0.77068 85
1777986589770 0.74982 86
1777986680843 0.79422 87
1777986771194 0.78839 88
1777986861821 0.76301 89
1777986952827 0.77361 90
1777987043749 0.78018 91
1777987134406 0.76957 92
1777987225562 0.76726 93
1777987318140 0.78818 94
1777987409927 0.78387 95
1777987501600 0.7558 96
1777987595721 0.7976 97
1777987686963 0.80574 98
1777987778305 0.779 99
1777987869373 0.79972 100
1777987960467 0.75503 101
1777988050392 0.79074 102
1777988136862 0.79984 103
1777988223146 0.79187 104
1777988309627 0.76949 105
1777988396243 0.77808 106
1777988482239 0.80541 107
1777988568140 0.79112 108
1777988654063 0.7757 109
1777988740278 0.80803 110
1777988826519 0.81855 111
1777988912267 0.80872 112
1777988999164 0.82272 113
1777989085552 0.80273 114
1777989171776 0.80607 115
1777989257781 0.80362 116
1777989344159 0.80591 117
1777989429937 0.83478 118
1777989516454 0.81275 119
1777989602969 0.79996 120
1777989688921 0.80923 121
1777989776619 0.81545 122
1777989865163 0.81968 123
1777989955962 0.80069 124
1777990044578 0.81376 125
1777990132640 0.82594 126
1777990223637 0.82328 127
1777990314157 0.81686 128
1777990404291 0.81979 129
1777990494835 0.81449 130
1777990589202 0.82552 131
1777990679779 0.78357 132
1777990769952 0.81613 133
1777990860415 0.8154 134
1777990950796 0.80618 135
1777991041400 0.81245 136
1777991132223 0.81421 137
1777991223082 0.81953 138
1777991313742 0.8246 139
1777991404334 0.81991 140
1777991495351 0.82527 141
1777991581344 0.82659 142
1777991667494 0.81242 143
1777991753578 0.82373 144
1777991839542 0.81732 145
1777991925841 0.82672 146
1777992012202 0.83702 147
1777992098318 0.83699 148
1777992184041 0.83727 149
1777992269805 0.83136 150
1777992355920 0.8261 151
1777992442238 0.82644 152
1777992528249 0.83012 153
1777992614235 0.83086 154
1777992700345 0.82126 155
1777992786498 0.82487 156
1777992872465 0.82515 157
1777992958716 0.83339 158
1777993044578 0.82117 159
1777993130650 0.8304 160
1777993217019 0.83235 161
1777993302757 0.84051 162
1777993388797 0.83711 163
1777993477119 0.84325 164
1777993563206 0.83613 165
1777993649371 0.83842 166
1777993735211 0.82916 167
1777993821404 0.82899 168
1777993907344 0.82966 169
1777993993762 0.82405 170
1777994079650 0.82263 171
1777994165906 0.83499 172
1777994252352 0.83172 173
1777994338326 0.83033 174
1777994424709 0.831 175
1777994510902 0.83481 176
1777994596799 0.83485 177
1777994682950 0.83557 178
1777994769060 0.83258 179
1777994855133 0.8373 180
1777994941550 0.82721 181
1777995027832 0.82924 182
1777995113939 0.83418 183
1777995200096 0.82471 184
1777995286323 0.82684 185
1777995372665 0.82748 186
1777995458842 0.82297 187
1777995544948 0.82104 188
1777995631703 0.82135 189
1777995714963 0.83232 190
1777995797457 0.82297 191
1777995880198 0.82255 192
1777995965485 0.83118 193
1777996051575 0.82381 194
1777996140767 0.83045 195
1777996224378 0.83161 196
1777996308261 0.83143 197
1777996402408 0.83163 198
1777996496399 0.83176 199
1777996512625 0.8365418182954101 199
