1777978742659 0.19654 0
1777978839930 0.39526 1
1777978931063 0.41754 2
1777979021680 0.48647 3
1777979112700 0.49944 4
1777979203302 0.5382 5
1777979297654 0.56108 6
1777979391891 0.60197 7
1777979484122 0.62284 8
1777979575949 0.66582 9
1777979666616 0.61664 10
1777979757218 0.60926 11
1777979848680 0.65504 12
1777979939378 0.63726 13
1777980030252 0.65371 14
1777980121731 0.64036 15
1777980212410 0.69887 16
1777980303535 0.71594 17
1777980394356 0.67126 18
1777980485323 0.68471 19
1777980576395 0.71968 20
1777980667367 0.73879 21
1777980760265 0.69311 22
1777980855159 0.74877 23
1777980945983 0.72099 24
1777981037458 0.75593 25
1777981128637 0.73145 26
1777981219919 0.76576 27
1777981311182 0.76654 28
1777981402493 0.75449 29
1777981493435 0.77122 30
1777981584852 0.71557 31
1777981675697 0.72964 32
1777981766966 0.74255 33
1777981859994 0.75669 34
1777981953980 0.78674 35
1777982045056 0.77542 36
1777982135971 0.76703 37
1777982227337 0.79921 38
1777982318070 0.77806 39
1777982408828 0.77036 40
1777982499526 0.79355 41
1777982590426 0.80491 42
1777982681262 0.81168 43
1777982772330 0.78574 44
1777982863065 0.81083 45
1777982954362 0.77147 46
1777983045228 0.78444 47
1777983135628 0.825 48
1777983226544 0.82014 49
1777983317791 0.76654 50
1777983408651 0.7991 51
1777983499738 0.80936 52
1777983590607 0.8234 53
1777983681639 0.79612 54
1777983772454 0.79023 55
1777983863040 0.81891 56
1777983954259 0.82867 57
1777984045293 0.82756 58
1777984135893 0.8095 59
1777984226687 0.79912 60
1777984317353 0.83193 61
1777984408157 0.83869 62
1777984498938 0.76038 63
1777984589826 0.81141 64
1777984680855 0.82741 65
1777984773897 0.84655 66
1777984864337 0.81379 67
1777984954929 0.83664 68
1777985045662 0.84615 69
1777985136514 0.84254 70
1777985227822 0.8467 71
1777985318565 0.84502 72
1777985409348 0.82966 73
1777985500307 0.82856 74
1777985591099 0.82593 75
1777985681876 0.837 76
1777985772550 0.85892 77
1777985863354 0.85161 78
1777985954249 0.86067 79
1777986044868 0.85355 80
1777986135593 0.84151 81
1777986226686 0.85672 82
1777986317383 0.85955 83
1777986407955 0.83788 84
1777986499238 0.86132 85
1777986589770 0.82649 86
1777986680843 0.85888 87
1777986771194 0.85903 88
1777986861821 0.8548 89
1777986952827 0.84981 90
1777987043749 0.84494 91
1777987134406 0.84792 92
1777987225562 0.83666 93
1777987318140 0.8552 94
1777987409927 0.84888 95
1777987501600 0.83688 96
1777987595721 0.86977 97
1777987686963 0.87515 98
1777987778305 0.85293 99
1777987869373 0.87194 100
1777987960467 0.82949 101
1777988050392 0.86035 102
1777988136862 0.86351 103
1777988223146 0.85654 104
1777988309627 0.86113 105
1777988396243 0.85742 106
1777988482239 0.87202 107
1777988568140 0.86287 108
1777988654063 0.8541 109
1777988740278 0.87802 110
1777988826519 0.87662 111
1777988912267 0.87653 112
1777988999164 0.88758 113
1777989085552 0.87197 114
1777989171776 0.86326 115
1777989257781 0.86681 116
1777989344159 0.87609 117
1777989429937 0.88627 118
1777989516454 0.86935 119
1777989602969 0.86388 120
1777989688921 0.87084 121
1777989776619 0.87135 122
1777989865163 0.89033 123
1777989955962 0.86499 124
1777990044578 0.87135 125
1777990132640 0.8839 126
1777990223637 0.88099 127
1777990314157 0.87409 128
1777990404291 0.88103 129
1777990494835 0.87357 130
1777990589202 0.88744 131
1777990679779 0.86633 132
1777990769952 0.88032 133
1777990860415 0.88243 134
1777990950796 0.86666 135
1777991041400 0.8771 136
1777991132223 0.88952 137
1777991223082 0.88282 138
1777991313742 0.876 139
1777991404334 0.87936 140
1777991495351 0.881 141
1777991581344 0.89219 142
1777991667494 0.88307 143
1777991753578 0.88898 144
1777991839542 0.88625 145
1777991925841 0.8887 146
1777992012202 0.8961 147
1777992098318 0.89561 148
1777992184041 0.89378 149
1777992269805 0.88452 150
1777992355920 0.88388 151
1777992442238 0.88611 152
1777992528249 0.8882 153
1777992614235 0.89533 154
1777992700345 0.89141 155
1777992786498 0.90001 156
1777992872465 0.89866 157
1777992958716 0.89689 158
1777993044578 0.89184 159
1777993130650 0.88946 160
1777993217019 0.88841 161
1777993302757 0.89408 162
1777993388797 0.89136 163
1777993477119 0.90109 164
1777993563206 0.89528 165
1777993649371 0.89915 166
1777993735211 0.88554 167
1777993821404 0.88315 168
1777993907344 0.88762 169
1777993993762 0.88184 170
1777994079650 0.88469 171
1777994165906 0.89537 172
1777994252352 0.89572 173
1777994338326 0.89297 174
1777994424709 0.89071 175
1777994510902 0.89267 176
1777994596799 0.89522 177
1777994682950 0.89527 178
1777994769060 0.88912 179
1777994855133 0.89172 180
1777994941550 0.89049 181
1777995027832 0.89073 182
1777995113939 0.89804 183
1777995200096 0.89081 184
1777995286323 0.89425 185
1777995372665 0.89509 186
1777995458842 0.89042 187
1777995544948 0.89172 188
1777995631703 0.89044 189
1777995714963 0.89579 190
1777995797457 0.89208 191
1777995880198 0.88894 192
1777995965485 0.89457 193
1777996051575 0.89448 194
1777996140767 0.89571 195
1777996224378 0.89716 196
1777996308261 0.89492 197
1777996402408 0.8936 198
1777996496399 0.89467 199
1777996512625 0.8917585743629867 199
