1777978742659 0.69986 0
1777978839930 0.70252 1
1777978931063 0.77845 2
1777979021680 0.7404 3
1777979112700 0.79458 4
1777979203302 0.87478 5
1777979297654 0.90845 6
1777979391891 0.87188 7
1777979484122 0.89731 8
1777979575949 0.92371 9
1777979666616 0.93527 10
1777979757218 0.89162 11
1777979848680 0.94848 12
1777979939378 0.93117 13
1777980030252 0.91313 14
1777980121731 0.92088 15
1777980212410 0.93096 16
1777980303535 0.93898 17
1777980394356 0.93529 18
1777980485323 0.95416 19
1777980576395 0.95573 20
1777980667367 0.95341 21
1777980760265 0.93589 22
1777980855159 0.9605 23
1777980945983 0.96043 24
1777981037458 0.95371 25
1777981128637 0.95432 26
1777981219919 0.96432 27
1777981311182 0.94854 28
1777981402493 0.96356 29
1777981493435 0.97422 30
1777981584852 0.94788 31
1777981675697 0.95376 32
1777981766966 0.95811 33
1777981859994 0.95499 34
1777981953980 0.96453 35
1777982045056 0.94249 36
1777982135971 0.95001 37
1777982227337 0.96204 38
1777982318070 0.96342 39
1777982408828 0.97207 40
1777982499526 0.96127 41
1777982590426 0.96542 42
1777982681262 0.96243 43
1777982772330 0.96196 44
1777982863065 0.97145 45
1777982954362 0.96406 46
1777983045228 0.97728 47
1777983135628 0.94153 48
1777983226544 0.96074 49
1777983317791 0.9523 50
1777983408651 0.97441 51
1777983499738 0.95126 52
1777983590607 0.96237 53
1777983681639 0.96968 54
1777983772454 0.96296 55
1777983863040 0.97181 56
1777983954259 0.98101 57
1777984045293 0.9584 58
1777984135893 0.95038 59
1777984226687 0.96992 60
1777984317353 0.9475 61
1777984408157 0.97655 62
1777984498938 0.95028 63
1777984589826 0.96156 64
1777984680855 0.96641 65
1777984773897 0.9725 66
1777984864337 0.97409 67
1777984954929 0.97297 68
1777985045662 0.96182 69
1777985136514 0.97261 70
1777985227822 0.96878 71
1777985318565 0.97833 72
1777985409348 0.97262 73
1777985500307 0.9743 74
1777985591099 0.97424 75
1777985681876 0.96474 76
1777985772550 0.9738 77
1777985863354 0.96645 78
1777985954249 0.9726 79
1777986044868 0.96769 80
1777986135593 0.98235 81
1777986226686 0.96598 82
1777986317383 0.95651 83
1777986407955 0.9796 84
1777986499238 0.96957 85
1777986589770 0.95996 86
1777986680843 0.97557 87
1777986771194 0.97187 88
1777986861821 0.98183 89
1777986952827 0.9704 90
1777987043749 0.96391 91
1777987134406 0.97159 92
1777987225562 0.9742 93
1777987318140 0.96736 94
1777987409927 0.96394 95
1777987501600 0.96702 96
1777987595721 0.97062 97
1777987686963 0.97189 98
1777987778305 0.9704 99
1777987869373 0.96804 100
1777987960467 0.97592 101
1777988050392 0.97352 102
1777988136862 0.97449 103
1777988223146 0.97425 104
1777988309627 0.97664 105
1777988396243 0.9708 106
1777988482239 0.98004 107
1777988568140 0.97213 108
1777988654063 0.97973 109
1777988740278 0.98502 110
1777988826519 0.97745 111
1777988912267 0.98751 112
1777988999164 0.98629 113
1777989085552 0.98265 114
1777989171776 0.97897 115
1777989257781 0.98122 116
1777989344159 0.97857 117
1777989429937 0.97738 118
1777989516454 0.96958 119
1777989602969 0.97225 120
1777989688921 0.9747 121
1777989776619 0.97212 122
1777989865163 0.98139 123
1777989955962 0.97212 124
1777990044578 0.97604 125
1777990132640 0.98076 126
1777990223637 0.98424 127
1777990314157 0.97456 128
1777990404291 0.97984 129
1777990494835 0.97088 130
1777990589202 0.9799 131
1777990679779 0.97996 132
1777990769952 0.98423 133
1777990860415 0.97732 134
1777990950796 0.9758 135
1777991041400 0.97775 136
1777991132223 0.98929 137
1777991223082 0.9758 138
1777991313742 0.97877 139
1777991404334 0.97684 140
1777991495351 0.98062 141
1777991581344 0.98019 142
1777991667494 0.97895 143
1777991753578 0.9838 144
1777991839542 0.98514 145
1777991925841 0.98404 146
1777992012202 0.98774 147
1777992098318 0.98646 148
1777992184041 0.97726 149
1777992269805 0.9808 150
1777992355920 0.98379 151
1777992442238 0.98755 152
1777992528249 0.9878 153
1777992614235 0.98531 154
1777992700345 0.98981 155
1777992786498 0.98643 156
1777992872465 0.9826 157
1777992958716 0.98526 158
1777993044578 0.9867 159
1777993130650 0.98393 160
1777993217019 0.98404 161
1777993302757 0.98204 162
1777993388797 0.98122 163
1777993477119 0.97497 164
1777993563206 0.98494 165
1777993649371 0.97865 166
1777993735211 0.98719 167
1777993821404 0.9838 168
1777993907344 0.98395 169
1777993993762 0.98199 170
1777994079650 0.98517 171
1777994165906 0.98649 172
1777994252352 0.98648 173
1777994338326 0.98734 174
1777994424709 0.98939 175
1777994510902 0.98779 176
1777994596799 0.98389 177
1777994682950 0.98522 178
1777994769060 0.97967 179
1777994855133 0.98916 180
1777994941550 0.98786 181
1777995027832 0.98649 182
1777995113939 0.98562 183
1777995200096 0.99054 184
1777995286323 0.99187 185
1777995372665 0.98919 186
1777995458842 0.98921 187
1777995544948 0.98917 188
1777995631703 0.98783 189
1777995714963 0.98787 190
1777995797457 0.98652 191
1777995880198 0.98516 192
1777995965485 0.98381 193
1777996051575 0.9838 194
1777996140767 0.98384 195
1777996224378 0.98383 196
1777996308261 0.98514 197
1777996402408 0.98516 198
1777996496399 0.98648 199
1777996512625 0.9875449206945296 199
