1777978742659 0.69617 0
1777978839930 0.58388 1
1777978931063 0.72655 2
1777979021680 0.61411 3
1777979112700 0.7107 4
1777979203302 0.84148 5
1777979297654 0.82695 6
1777979391891 0.84016 7
1777979484122 0.84259 8
1777979575949 0.83177 9
1777979666616 0.86658 10
1777979757218 0.84765 11
1777979848680 0.85073 12
1777979939378 0.85781 13
1777980030252 0.86658 14
1777980121731 0.8745 15
1777980212410 0.88375 16
1777980303535 0.88904 17
1777980394356 0.88111 18
1777980485323 0.87994 19
1777980576395 0.91264 20
1777980667367 0.89432 21
1777980760265 0.90642 22
1777980855159 0.89432 23
1777980945983 0.89432 24
1777981037458 0.91149 25
1777981128637 0.8832 26
1777981219919 0.89252 27
1777981311182 0.89564 28
1777981402493 0.91546 29
1777981493435 0.8985 30
1777981584852 0.913 31
1777981675697 0.89907 32
1777981766966 0.88507 33
1777981859994 0.91281 34
1777981953980 0.89804 35
1777982045056 0.90918 36
1777982135971 0.91281 37
1777982227337 0.90388 38
1777982318070 0.9247 39
1777982408828 0.91942 40
1777982499526 0.91806 41
1777982590426 0.92215 42
1777982681262 0.92338 43
1777982772330 0.93263 44
1777982863065 0.92074 45
1777982954362 0.92143 46
1777983045228 0.90911 47
1777983135628 0.936 48
1777983226544 0.91149 49
1777983317791 0.91942 50
1777983408651 0.91149 51
1777983499738 0.94055 52
1777983590607 0.93263 53
1777983681639 0.9294 54
1777983772454 0.9272 55
1777983863040 0.95648 56
1777983954259 0.9247 57
1777984045293 0.94353 58
1777984135893 0.93621 59
1777984226687 0.93705 60
1777984317353 0.95355 61
1777984408157 0.93534 62
1777984498938 0.92867 63
1777984589826 0.94452 64
1777984680855 0.94848 65
1777984773897 0.93791 66
1777984864337 0.94367 67
1777984954929 0.95085 68
1777985045662 0.94188 69
1777985136514 0.938 70
1777985227822 0.94274 71
1777985318565 0.93395 72
1777985409348 0.93869 73
1777985500307 0.93395 74
1777985591099 0.94584 75
1777985681876 0.93979 76
1777985772550 0.9432 77
1777985863354 0.95147 78
1777985954249 0.94452 79
1777986044868 0.94961 80
1777986135593 0.95112 81
1777986226686 0.94452 82
1777986317383 0.95873 83
1777986407955 0.95157 84
1777986499238 0.96798 85
1777986589770 0.95014 86
1777986680843 0.94939 87
1777986771194 0.95845 88
1777986861821 0.96301 89
1777986952827 0.95905 90
1777987043749 0.95257 91
1777987134406 0.95905 92
1777987225562 0.95641 93
1777987318140 0.95509 94
1777987409927 0.95345 95
1777987501600 0.96301 96
1777987595721 0.96565 97
1777987686963 0.96037 98
1777987778305 0.95276 99
1777987869373 0.96026 100
1777987960467 0.96369 101
1777988050392 0.95773 102
1777988136862 0.95862 103
1777988223146 0.96169 104
1777988309627 0.95905 105
1777988396243 0.96622 106
1777988482239 0.97315 107
1777988568140 0.95244 108
1777988654063 0.96433 109
1777988740278 0.95558 110
1777988826519 0.96037 111
1777988912267 0.94037 112
1777988999164 0.95027 113
1777989085552 0.96037 114
1777989171776 0.95905 115
1777989257781 0.96617 116
1777989344159 0.96517 117
1777989429937 0.97024 118
1777989516454 0.96854 119
1777989602969 0.97188 120
1777989688921 0.96698 121
1777989776619 0.96723 122
1777989865163 0.96301 123
1777989955962 0.96731 124
1777990044578 0.96433 125
1777990132640 0.96301 126
1777990223637 0.96169 127
1777990314157 0.96154 128
1777990404291 0.96565 129
1777990494835 0.96883 130
1777990589202 0.96585 131
1777990679779 0.96697 132
1777990769952 0.96301 133
1777990860415 0.96787 134
1777990950796 0.95891 135
1777991041400 0.95773 136
1777991132223 0.95376 137
1777991223082 0.96169 138
1777991313742 0.96433 139
1777991404334 0.96565 140
1777991495351 0.96037 141
1777991581344 0.96301 142
1777991667494 0.96697 143
1777991753578 0.96251 144
1777991839542 0.96303 145
1777991925841 0.96697 146
1777992012202 0.96037 147
1777992098318 0.96257 148
1777992184041 0.96169 149
1777992269805 0.96962 150
1777992355920 0.96182 151
1777992442238 0.96037 152
1777992528249 0.96232 153
1777992614235 0.9683 154
1777992700345 0.9683 155
1777992786498 0.96962 156
1777992872465 0.96995 157
1777992958716 0.97114 158
1777993044578 0.97094 159
1777993130650 0.97062 160
1777993217019 0.97712 161
1777993302757 0.9749 162
1777993388797 0.96638 163
1777993477119 0.97773 164
1777993563206 0.96962 165
1777993649371 0.9683 166
1777993735211 0.96301 167
1777993821404 0.96286 168
1777993907344 0.97164 169
1777993993762 0.9683 170
1777994079650 0.96554 171
1777994165906 0.96475 172
1777994252352 0.96371 173
1777994338326 0.96433 174
1777994424709 0.96169 175
1777994510902 0.96189 176
1777994596799 0.96807 177
1777994682950 0.96845 178
1777994769060 0.96962 179
1777994855133 0.96419 180
1777994941550 0.96433 181
1777995027832 0.96487 182
1777995113939 0.96962 183
1777995200096 0.96782 184
1777995286323 0.96665 185
1777995372665 0.96565 186
1777995458842 0.96851 187
1777995544948 0.96552 188
1777995631703 0.96499 189
1777995714963 0.9683 190
1777995797457 0.96691 191
1777995880198 0.96494 192
1777995965485 0.96326 193
1777996051575 0.96248 194
1777996140767 0.96495 195
1777996224378 0.96422 196
1777996308261 0.9635 197
1777996402408 0.96475 198
1777996496399 0.96382 199
1777996512625 0.9630118890356671 199
