1777978742659 0.1823 0
1777978839930 0.27802 1
1777978931063 0.3646 2
1777979021680 0.36063 3
1777979112700 0.43857 4
1777979203302 0.50991 5
1777979297654 0.48971 6
1777979391891 0.5786 7
1777979484122 0.57199 8
1777979575949 0.5469 9
1777979666616 0.56671 10
1777979757218 0.57067 11
1777979848680 0.58124 12
1777979939378 0.5852 13
1777980030252 0.62483 14
1777980121731 0.61155 15
1777980212410 0.6288 16
1777980303535 0.65522 17
1777980394356 0.62219 18
1777980485323 0.63276 19
1777980576395 0.67831 20
1777980667367 0.67107 21
1777980760265 0.67129 22
1777980855159 0.69353 23
1777980945983 0.65786 24
1777981037458 0.70013 25
1777981128637 0.66564 26
1777981219919 0.70823 27
1777981311182 0.70701 28
1777981402493 0.71598 29
1777981493435 0.70803 30
1777981584852 0.70674 31
1777981675697 0.68805 32
1777981766966 0.69221 33
1777981859994 0.71896 34
1777981953980 0.73052 35
1777982045056 0.74801 36
1777982135971 0.69749 37
1777982227337 0.7424 38
1777982318070 0.76413 39
1777982408828 0.73316 40
1777982499526 0.75148 41
1777982590426 0.76882 42
1777982681262 0.79142 43
1777982772330 0.77026 44
1777982863065 0.7675 45
1777982954362 0.7358 46
1777983045228 0.73551 47
1777983135628 0.75978 48
1777983226544 0.76501 49
1777983317791 0.72432 50
1777983408651 0.75665 51
1777983499738 0.7675 52
1777983590607 0.7822 53
1777983681639 0.7675 54
1777983772454 0.77675 55
1777983863040 0.8005 56
1777983954259 0.78203 57
1777984045293 0.79921 58
1777984135893 0.78071 59
1777984226687 0.76354 60
1777984317353 0.81738 61
1777984408157 0.80185 62
1777984498938 0.73976 63
1777984589826 0.79128 64
1777984680855 0.80978 65
1777984773897 0.8177 66
1777984864337 0.79128 67
1777984954929 0.82431 68
1777985045662 0.82431 69
1777985136514 0.81285 70
1777985227822 0.82034 71
1777985318565 0.80668 72
1777985409348 0.7926 73
1777985500307 0.79392 74
1777985591099 0.80185 75
1777985681876 0.79365 76
1777985772550 0.81902 77
1777985863354 0.83223 78
1777985954249 0.83884 79
1777986044868 0.82383 80
1777986135593 0.81374 81
1777986226686 0.82147 82
1777986317383 0.8177 83
1777986407955 0.80978 84
1777986499238 0.83091 85
1777986589770 0.81804 86
1777986680843 0.84418 87
1777986771194 0.83884 88
1777986861821 0.83884 89
1777986952827 0.8362 90
1777987043749 0.835 91
1777987134406 0.82491 92
1777987225562 0.81902 93
1777987318140 0.83482 94
1777987409927 0.82368 95
1777987501600 0.83364 96
1777987595721 0.83818 97
1777987686963 0.84412 98
1777987778305 0.83355 99
1777987869373 0.8428 100
1777987960467 0.82256 101
1777988050392 0.84639 102
1777988136862 0.85205 103
1777988223146 0.84544 104
1777988309627 0.83752 105
1777988396243 0.83414 106
1777988482239 0.86411 107
1777988568140 0.83956 108
1777988654063 0.84148 109
1777988740278 0.84808 110
1777988826519 0.86129 111
1777988912267 0.85343 112
1777988999164 0.85997 113
1777989085552 0.84544 114
1777989171776 0.84941 115
1777989257781 0.85112 116
1777989344159 0.84808 117
1777989429937 0.87979 118
1777989516454 0.87054 119
1777989602969 0.86355 120
1777989688921 0.86394 121
1777989776619 0.86787 122
1777989865163 0.86262 123
1777989955962 0.85481 124
1777990044578 0.86129 125
1777990132640 0.87186 126
1777990223637 0.87029 127
1777990314157 0.86204 128
1777990404291 0.87069 129
1777990494835 0.86715 130
1777990589202 0.8679 131
1777990679779 0.84412 132
1777990769952 0.86129 133
1777990860415 0.8626 134
1777990950796 0.86262 135
1777991041400 0.85788 136
1777991132223 0.85601 137
1777991223082 0.8559 138
1777991313742 0.86129 139
1777991404334 0.85733 140
1777991495351 0.85997 141
1777991581344 0.86366 142
1777991667494 0.86796 143
1777991753578 0.87186 144
1777991839542 0.86452 145
1777991925841 0.86658 146
1777992012202 0.86658 147
1777992098318 0.8679 148
1777992184041 0.86702 149
1777992269805 0.86526 150
1777992355920 0.86474 151
1777992442238 0.86394 152
1777992528249 0.87318 153
1777992614235 0.87006 154
1777992700345 0.86749 155
1777992786498 0.86658 156
1777992872465 0.8679 157
1777992958716 0.87327 158
1777993044578 0.8679 159
1777993130650 0.87162 160
1777993217019 0.8745 161
1777993302757 0.88375 162
1777993388797 0.87788 163
1777993477119 0.88243 164
1777993563206 0.88111 165
1777993649371 0.88337 166
1777993735211 0.87583 167
1777993821404 0.87583 168
1777993907344 0.87647 169
1777993993762 0.87054 170
1777994079650 0.86922 171
1777994165906 0.8745 172
1777994252352 0.87186 173
1777994338326 0.87186 174
1777994424709 0.86922 175
1777994510902 0.87894 176
1777994596799 0.88243 177
1777994682950 0.88085 178
1777994769060 0.8792 179
1777994855133 0.87979 180
1777994941550 0.87008 181
1777995027832 0.87054 182
1777995113939 0.87715 183
1777995200096 0.86922 184
1777995286323 0.87133 185
1777995372665 0.87318 186
1777995458842 0.86946 187
1777995544948 0.8703 188
1777995631703 0.86965 189
1777995714963 0.87437 190
1777995797457 0.87353 191
1777995880198 0.87054 192
1777995965485 0.87423 193
1777996051575 0.87343 194
1777996140767 0.87363 195
1777996224378 0.87582 196
1777996308261 0.87749 197
1777996402408 0.87648 198
1777996496399 0.87715 199
1777996512625 0.8797886393659181 199
