1777978728384 0.000663265306122449 0
1777978827817 0.0013233488095238093 1
1777978918882 0.00197683231292517 2
1777979009474 0.0019703 3
1777979100408 0.0019604 4
1777979191151 0.0019505 5
1777979281664 0.0019406 6
1777979375946 0.0019306999999999998 7
1777979470060 0.0019207999999999999 8
1777979562849 0.0019108999999999999 9
1777979654487 0.0019010000000000001 10
1777979745030 0.0018911 11
1777979836507 0.0018812 12
1777979927141 0.0018713000000000002 13
1777980017884 0.0018614 14
1777980109591 0.0018515000000000003 15
1777980200301 0.0018416 16
1777980291049 0.0018317000000000001 17
1777980382322 0.0018218000000000002 18
1777980473091 0.0018119000000000002 19
1777980564340 0.001802 20
1777980655055 0.0017921 21
1777980745916 0.0017822 22
1777980839421 0.0017723 23
1777980933860 0.0017624 24
1777981025267 0.0017525 25
1777981116510 0.0017426 26
1777981207757 0.0017327 27
1777981299050 0.0017228 28
1777981389727 0.0017128999999999998 29
1777981481038 0.001703 30
1777981572750 0.0016931000000000001 31
1777981663698 0.0016832000000000001 32
1777981754828 0.0016733 33
1777981845916 0.0016634 34
1777981938588 0.0016535 35
1777982032973 0.0016436000000000003 36
1777982123835 0.0016336999999999999 37
1777982214593 0.0016238000000000001 38
1777982305940 0.0016139 39
1777982396680 0.0016040000000000002 40
1777982487438 0.0015941000000000002 41
1777982578280 0.0015842 42
1777982669166 0.0015743 43
1777982760211 0.0015644 44
1777982850967 0.0015545000000000001 45
1777982942117 0.0015446 46
1777983033067 0.0015347 47
1777983123605 0.0015248 48
1777983214456 0.0015149 49
1777983305734 0.0015049999999999998 50
1777983396451 0.0014951 51
1777983487727 0.0014852 52
1777983578410 0.0014753000000000001 53
1777983669432 0.0014654000000000002 54
1777983760428 0.0014555 55
1777983850793 0.0014456 56
1777983941597 0.0014357000000000003 57
1777984033159 0.0014258 58
1777984123847 0.0014159 59
1777984214621 0.001406 60
1777984305198 0.0013961000000000002 61
1777984395973 0.0013862 62
1777984486814 0.0013763 63
1777984577784 0.0013663999999999998 64
1777984668685 0.0013565 65
1777984759855 0.0013465999999999999 66
1777984852210 0.0013367000000000001 67
1777984942804 0.0013267999999999997 68
1777985033567 0.0013169 69
1777985124403 0.001307 70
1777985215113 0.0012971000000000002 71
1777985306498 0.0012872 72
1777985397217 0.0012773 73
1777985488201 0.0012674000000000001 74
1777985578626 0.0012575000000000002 75
1777985669769 0.0012476 76
1777985760557 0.0012377 77
1777985851236 0.0012278 78
1777985942058 0.0012179 79
1777986032839 0.001208 80
1777986123507 0.0011981 81
1777986214705 0.0011882000000000002 82
1777986305289 0.0011783 83
1777986395970 0.0011684000000000002 84
1777986486507 0.0011584999999999998 85
1777986577768 0.0011486 86
1777986668684 0.0011386999999999999 87
1777986759185 0.0011288000000000001 88
1777986849782 0.0011188999999999997 89
1777986940814 0.001109 90
1777987031649 0.0010991 91
1777987122385 0.0010892000000000002 92
1777987213426 0.0010793 93
1777987304043 0.0010694 94
1777987397200 0.0010595000000000001 95
1777987489192 0.0010496000000000001 96
1777987583597 0.0010397000000000002 97
1777987674809 0.0010298 98
1777987766266 0.0010199 99
1777987857259 0.00101 100
1777987948417 0.0010001 101
1777988038900 0.0009901999999999999 102
1777988125360 0.0009803 103
1777988211534 0.0009704 104
1777988298156 0.0009605000000000001 105
1777988384772 0.0009506 106
1777988470786 0.0009407 107
1777988556738 0.0009308 108
1777988642621 0.0009209 109
1777988728791 0.0009109999999999999 110
1777988814848 0.0009011 111
1777988900874 0.0008911999999999999 112
1777988987001 0.0008813000000000001 113
1777989074146 0.0008714 114
1777989160358 0.0008615000000000001 115
1777989246342 0.0008516000000000001 116
1777989332754 0.0008417000000000001 117
1777989418435 0.0008318000000000002 118
1777989504874 0.0008219000000000001 119
1777989591587 0.0008120000000000001 120
1777989677389 0.0008021 121
1777989764911 0.0007922000000000001 122
1777989853056 0.0007823 123
1777989943787 0.0007724 124
1777990033197 0.0007624999999999999 125
1777990120585 0.0007526000000000001 126
1777990211574 0.0007427 127
1777990302170 0.0007328 128
1777990392287 0.0007229 129
1777990482811 0.000713 130
1777990573794 0.0007031 131
1777990667795 0.0006931999999999999 132
1777990757951 0.0006833 133
1777990848398 0.0006733999999999999 134
1777990938595 0.0006635 135
1777991029422 0.0006536 136
1777991120123 0.0006437 137
1777991211087 0.0006338000000000001 138
1777991301596 0.0006239000000000001 139
1777991392301 0.0006140000000000001 140
1777991483370 0.0006041000000000001 141
1777991569919 0.0005942 142
1777991656096 0.0005843 143
1777991742213 0.0005744000000000001 144
1777991828096 0.0005645 145
1777991914358 0.0005546000000000001 146
1777992000722 0.0005447000000000001 147
1777992086798 0.0005348000000000001 148
1777992172596 0.0005249 149
1777992258429 0.000515 150
1777992344518 0.0005051 151
1777992430681 0.0004952 152
1777992516877 0.00048530000000000003 153
1777992602783 0.0004754 154
1777992688938 0.0004655 155
1777992774994 0.00045559999999999996 156
1777992861074 0.00044569999999999994 157
1777992947204 0.00043579999999999997 158
1777993033101 0.00042589999999999994 159
1777993119160 0.0004159999999999999 160
1777993205465 0.0004060999999999999 161
1777993291297 0.00039619999999999987 162
1777993377232 0.0003863000000000002 163
1777993463225 0.00037640000000000015 164
1777993551713 0.0003665000000000001 165
1777993637902 0.0003566000000000001 166
1777993723804 0.0003467000000000001 167
1777993809781 0.0003368000000000001 168
1777993895761 0.0003269000000000001 169
1777993981745 0.00031700000000000006 170
1777994068213 0.00030710000000000004 171
1777994154507 0.0002972 172
1777994240904 0.00028730000000000004 173
1777994326924 0.0002774 174
1777994413170 0.0002675 175
1777994499417 0.00025760000000000003 176
1777994585322 0.0002477 177
1777994671542 0.00023779999999999995 178
1777994757621 0.00022789999999999996 179
1777994843642 0.00021799999999999996 180
1777994929940 0.00020809999999999994 181
1777995016225 0.00019819999999999994 182
1777995102514 0.00018829999999999991 183
1777995188642 0.00017839999999999992 184
1777995274823 0.0001684999999999999 185
1777995361010 0.00015859999999999987 186
1777995447386 0.0001486999999999999 187
1777995533474 0.0001388000000000001 188
1777995620131 0.0001289000000000001 189
1777995703558 0.0001190000000000001 190
1777995786039 0.00010910000000000009 191
1777995868646 9.920000000000008e-05 192
1777995953597 8.930000000000006e-05 193
1777996037912 7.940000000000006e-05 194
1777996129118 6.950000000000005e-05 195
1777996212741 5.9600000000000046e-05 196
1777996296316 4.970000000000002e-05 197
1777996387459 3.980000000000002e-05 198
1777996482783 2.9900000000000012e-05 199
